# Timestep 0
#
# Number of particles 350
#
# Max number of bonds per atom 6 with coarse bond order cutoff 0.300
# Particle connection table and bond orders
# id type nb id_1...id_nb mol bo_1...bo_nb abo nlp q
 226 1 3 227 225 311 0         1.076         1.077         0.971         3.125         0.014        -0.100
 311 4 1 226 0         0.971         0.971         0.000         0.105
 312 4 1 227 0         0.971         0.971         0.000         0.110
 234 1 4 235 238 204 233 0         1.070         1.046         0.496         1.072         3.684         0.000         0.108
 235 1 5 234 274 321 236 320 0         1.070         0.596         0.971         0.955         0.971         4.563         0.000        -0.204
 238 1 4 234 325 204 239 0         1.046         0.971         0.755         0.999         3.772         0.000         0.022
 320 4 1 235 0         0.971         0.973         0.000         0.151
 325 4 1 238 0         0.971         1.216         0.000         0.181
 239 1 5 328 272 327 238 326 0         0.971         0.952         0.971         0.999         0.971         4.865         0.000        -0.387
 328 4 1 239 0         0.971         0.971         0.000         0.104
 295 4 1 215 0         0.971         0.971         0.000         0.117
 28 2 2 19 345 0         0.837         0.588         1.459         2.001        -0.481
 248 1 4 255 256 247 249 0         0.945         1.008         0.956         0.891         3.800         0.000         0.112
 255 1 5 248 277 344 345 343 0         0.945         0.982         0.971         0.971         0.971         4.840         0.000        -0.388
 277 4 2 255 201 0         0.982         0.971         2.047         0.000         0.160
 344 4 1 255 0         0.971         1.066         0.000         0.131
 345 4 2 28 255 0         0.588         0.971         1.559         0.000         0.301
 256 1 4 347 348 248 346 0         0.971         0.971         1.008         0.971         3.931         0.000        -0.279
 274 4 3 321 199 235 0         0.976         0.971         0.596         2.543         0.000         0.105
 294 4 1 214 0         0.971         1.025         0.000         0.131
 321 4 2 274 235 0         0.976         0.971         1.948         0.000         0.133
 343 4 1 255 0         0.971         1.025         0.000         0.131
 347 4 1 256 0         0.971         0.973         0.000         0.157
 348 4 1 256 0         0.971         1.017         0.000         0.290
 221 1 4 229 306 305 220 0         1.027         0.971         0.971         1.016         3.985         0.000        -0.214
 229 1 4 221 230 233 314 0         1.027         0.952         0.997         0.971         3.952         0.000        -0.043
 233 1 4 229 234 237 319 0         0.997         1.072         1.006         0.971         4.046         0.000        -0.102
 237 1 4 233 236 323 324 0         1.006         0.995         0.971         0.971         3.943         0.000        -0.180
 306 4 1 221 0         0.971         0.971         0.000         0.153
 317 4 1 231 0         0.971         0.974         0.000         0.157
 323 4 1 237 0         0.971         0.974         0.000         0.162
 324 4 1 237 0         0.971         0.971         0.000         0.155
 219 1 4 220 302 303 211 0         1.027         0.971         0.971         1.030         3.999         0.000        -0.193
 220 1 4 219 304 223 221 0         1.027         0.971         1.076         1.016         4.091         0.000        -0.092
 302 4 1 219 0         0.971         0.971         0.000         0.146
 303 4 1 219 0         0.971         0.972         0.000         0.120
 319 4 1 233 0         0.971         0.972         0.000         0.100
 326 4 1 239 0         0.971         0.971         0.000         0.124
 209 1 4 210 283 284 208 0         1.031         0.971         0.971         1.003         3.981         0.000        -0.220
 210 1 4 209 222 285 211 0         1.031         0.980         0.971         1.030         4.012         0.000        -0.113
 283 4 1 209 0         0.971         0.971         0.000         0.090
 207 1 4 208 281 218 206 0         0.970         0.972         0.833         0.786         3.560         0.000         0.043
 208 1 4 207 209 282 218 0         0.970         1.003         0.971         0.831         3.775         0.000         0.010
 253 1 4 339 337 338 250 0         0.971         0.971         0.971         1.022         3.936         0.000        -0.325
 254 1 6 340 342 206 250 280 341 0         0.970         0.970         0.910         0.939         0.999         0.970         5.758         0.000        -0.390
 281 4 1 207 0         0.972         1.218         0.000         0.077
 282 4 1 208 0         0.971         0.973         0.000         0.090
 337 4 1 253 0         0.971         0.971         0.000         0.144
 338 4 1 253 0         0.971         0.971         0.000         0.121
 340 4 1 254 0         0.970         0.970         0.000         0.126
 342 4 1 254 0         0.970         0.971         0.000         0.143
 206 1 6 205 279 280 341 207 254 0         0.952         0.967         0.967         0.999         0.786         0.910         5.581         0.000        -0.243
 247 1 4 248 334 246 333 0         0.956         0.971         0.961         0.972         3.859         0.000        -0.270
 249 3 3 252 248 250 0         0.870         0.891         0.906         2.667         1.000        -0.045
 250 1 4 249 251 253 254 0         0.906         1.010         1.022         0.939         3.878         0.000         0.105
 251 1 4 250 335 336 246 0         1.010         0.971         0.971         0.997         3.950         0.000        -0.196
 279 4 1 206 0         0.967         0.969         0.000         0.109
 280 4 3 206 341 254 0         0.967         0.489         0.999         2.455         0.000         0.181
 334 4 1 247 0         0.971         1.000         0.000         0.104
 335 4 1 251 0         0.971         0.980         0.000         0.136
 336 4 1 251 0         0.971         0.971         0.000         0.150
 341 4 3 206 280 254 0         0.999         0.489         0.970         2.460         0.000         0.150
 52 1 5 53 232 51 243 331 0         1.077         0.757         0.578         0.800         0.367         3.878         0.000        -0.125
 137 4 2 232 246 0         0.997         0.995         2.291         0.000         0.231
 230 1 4 231 236 315 229 0         0.949         0.967         0.971         0.952         3.858         0.000        -0.053
 231 1 4 230 232 316 317 0         0.949         0.772         0.971         0.971         3.664         0.000        -0.235
 232 1 6 52 137 231 246 318 243 0         0.757         0.997         0.772         0.728         0.971         0.632         4.858         0.000        -0.186
 236 1 4 230 322 235 237 0         0.967         0.971         0.955         0.995         3.889         0.000        -0.090
 246 1 5 137 232 332 247 251 0         0.995         0.728         0.971         0.961         0.997         4.652         0.000        -0.151
 315 4 1 230 0         0.971         1.092         0.000         0.193
 318 4 1 232 0         0.971         0.971         0.000         0.109
 322 4 1 236 0         0.971         0.973         0.000         0.107
 332 4 1 246 0         0.971         0.971         0.000         0.117
 333 4 1 247 0         0.972         0.973         0.000         0.113
 305 4 1 221 0         0.971         0.972         0.000         0.104
 211 1 4 286 219 210 222 0         0.971         1.030         1.030         1.023         4.054         0.000        -0.098
 223 1 3 228 220 224 0         1.076         1.076         1.078         3.230         0.006         0.016
 227 1 3 228 226 312 0         1.077         1.076         0.971         3.124         0.014        -0.094
 228 1 3 223 227 313 0         1.076         1.077         0.971         3.125         0.014        -0.104
 313 4 1 228 0         0.971         0.972         0.000         0.118
 244 3 1 245 0         0.939         0.953         2.000        -0.311
 51 1 5 50 136 243 331 52 0         0.981         0.971         0.840         0.964         0.578         4.338         0.000        -0.206
 136 4 1 51 0         0.971         1.057         0.000         0.103
 243 1 5 51 330 331 52 232 0         0.840         0.971         0.971         0.800         0.632         4.229         0.000        -0.023
 316 4 1 231 0         0.971         1.058         0.000         0.090
 330 4 1 243 0         0.971         0.976         0.000         0.127
 331 4 3 51 243 52 0         0.964         0.971         0.367         2.302         0.000         0.238
 310 4 1 225 0         0.971         0.971         0.000         0.088
 186 2 4 65 67 185 187 0         0.994         0.314         0.682         0.780         2.792         1.119        -0.354
 263 4 2 175 184 0         0.952         0.971         1.934         0.000         0.119
 264 4 1 184 0         0.971         0.973         0.000         0.160
 204 2 3 234 238 197 0         0.496         0.755         0.837         2.333         1.687        -0.614
 195 1 5 272 273 327 194 196 0         0.971         0.971         0.952         1.067         0.831         4.792         0.000        -0.110
 270 4 1 193 0         0.971         0.973         0.000         0.111
 272 4 3 195 327 239 0         0.971         0.896         0.952         2.819         0.000         0.165
 273 4 1 195 0         0.971         0.972         0.000         0.111
 327 4 3 195 272 239 0         0.952         0.896         0.971         2.819         0.000         0.200
 189 1 3 190 202 188 0         0.832         0.838         0.805         2.475         0.465         0.451
 190 2 2 189 193 0         0.832         0.833         1.705         2.000        -0.534
 193 1 4 190 270 194 271 0         0.833         0.971         1.067         0.971         3.845         0.000        -0.050
 301 4 1 217 0         0.971         0.977         0.000         0.180
 65 1 4 67 186 66 1 0         0.838         0.994         0.826         0.912         3.569         0.000         0.471
 67 2 2 65 186 0         0.838         0.314         1.214         2.007        -0.506
 154 4 0 0         0.530         0.000         0.342
 188 3 2 189 66 0         0.805         0.981         2.111         1.015        -0.376
 215 1 4 216 295 205 296 0         1.041         0.971         1.012         0.971         3.995         0.000        -0.214
 216 1 4 215 217 297 298 0         1.041         1.034         0.971         0.972         4.017         0.000        -0.137
 217 1 4 216 301 299 300 0         1.034         0.971         0.971         0.971         3.948         0.000        -0.339
 267 4 0 0         0.125         0.014         0.203
 297 4 1 216 0         0.971         0.971         0.000         0.164
 298 4 1 216 0         0.972         1.218         0.000         0.138
 299 4 1 217 0         0.971         0.971         0.000         0.124
 300 4 1 217 0         0.971         1.065         0.000         0.214
 16 2 2 93 2 0         0.838         0.836         1.760         2.000        -0.637
 93 4 1 16 0         0.838         0.855         0.000         0.325
 201 1 4 205 213 277 200 0         0.954         1.024         0.971         0.968         3.918         0.000        -0.139
 205 1 4 201 215 278 206 0         0.954         1.012         0.971         0.952         3.890         0.000        -0.097
 213 1 4 201 290 291 214 0         1.024         0.971         0.971         1.049         4.015         0.000        -0.176
 290 4 1 213 0         0.971         0.971         0.000         0.133
 291 4 1 213 0         0.971         1.109         0.000         0.117
 296 4 1 215 0         0.971         1.109         0.000         0.142
 214 1 4 292 293 294 213 0         0.972         0.971         0.971         1.049         3.963         0.000        -0.340
 275 4 1 199 0         0.971         1.154         0.000         0.142
 292 4 1 214 0         0.972         1.153         0.000         0.137
 293 4 1 214 0         0.971         0.971         0.000         0.147
 80 1 5 168 170 169 73 304 0         0.971         0.971         0.971         1.002         0.886         4.802         0.000        -0.359
 81 1 4 172 173 73 171 0         0.971         0.971         1.008         0.971         4.205         0.000        -0.314
 168 4 1 80 0         0.971         0.971         0.000         0.127
 170 4 2 80 304 0         0.971         0.885         1.856         0.000         0.180
 172 4 1 81 0         0.971         0.973         0.000         0.142
 173 4 2 81 196 0         0.971         0.899         1.870         0.000         0.380
 196 2 3 173 195 197 0         0.899         0.831         0.832         2.887         1.069        -0.693
 197 1 4 196 204 198 314 0         0.832         0.837         0.831         0.483         2.982         0.038         0.518
 198 2 2 197 199 0         0.831         0.835         1.844         2.000        -0.628
 314 4 2 197 229 0         0.483         0.971         1.490         0.000         0.226
 73 1 4 74 80 81 72 0         0.886         1.002         1.008         1.015         3.912         0.000         0.161
 74 3 3 73 75 77 0         0.886         0.900         0.840         2.631         1.000        -0.115
 75 1 4 74 79 78 76 0         0.900         1.045         1.052         1.021         4.018         0.000         0.139
 77 2 3 74 194 203 0         0.840         0.399         1.237         2.480         1.457        -0.162
 194 1 4 77 195 193 203 0         0.399         1.067         1.067         0.837         3.435         0.001         0.151
 203 2 3 77 194 307 0         1.237         0.837         0.410         2.489         1.443        -0.365
 304 4 3 220 80 170 0         0.971         0.886         0.885         2.742         0.000         0.149
 78 1 4 162 75 164 163 0         0.971         1.052         0.971         0.971         3.966         0.000        -0.326
 162 4 2 78 308 0         0.971         0.308         1.279         0.000         0.136
 222 1 4 307 308 210 211 0         0.971         0.971         0.980         1.023         3.946         0.000        -0.130
 284 4 1 209 0         0.971         0.971         0.000         0.147
 307 4 2 222 203 0         0.971         0.410         1.384         0.000         0.252
 308 4 2 162 222 0         0.308         0.971         1.279         0.000         0.143
 218 2 2 207 208 0         0.833         0.831         1.669         2.000        -0.443
 150 4 1 63 0         0.971         1.016         0.000         0.104
 278 4 1 205 0         0.971         0.972         0.000         0.131
 289 4 1 212 0         0.971         1.017         0.000         0.110
 60 1 4 145 146 59 61 0         0.971         0.971         1.110         1.011         4.064         0.000        -0.237
 145 4 1 60 0         0.971         0.973         0.000         0.134
 146 4 1 60 0         0.971         0.971         0.000         0.102
 199 1 4 275 274 200 198 0         0.971         0.971         0.981         0.835         3.759         0.000        -0.035
 200 1 4 199 201 212 276 0         0.981         0.968         1.025         0.971         3.946         0.000        -0.094
 212 1 4 200 287 288 289 0         1.025         0.971         0.971         0.971         3.938         0.000        -0.306
 276 4 1 200 0         0.971         1.000         0.000         0.089
 287 4 1 212 0         0.971         0.971         0.000         0.128
 288 4 1 212 0         0.971         0.972         0.000         0.143
 169 4 1 80 0         0.971         0.971         0.000         0.126
 224 1 3 225 309 223 0         1.077         0.971         1.078         3.126         0.013        -0.134
 225 1 3 224 310 226 0         1.077         0.971         1.077         3.126         0.014        -0.108
 309 4 1 224 0         0.971         0.971         0.000         0.081
 79 1 4 165 166 75 167 0         0.971         0.971         1.045         0.971         3.959         0.000        -0.348
 165 4 1 79 0         0.971         0.971         0.000         0.132
 166 4 1 79 0         0.971         1.087         0.000         0.115
 286 4 1 211 0         0.971         0.972         0.000         0.114
 285 4 1 210 0         0.971         0.971         0.000         0.118
 6 1 4 5 7 86 87 0         0.835         0.933         0.971         0.971         3.711         0.000         0.034
 7 3 2 6 8 0         0.933         1.047         1.989         1.036        -0.094
 86 4 1 6 0         0.971         0.973         0.000         0.126
 87 4 1 6 0         0.971         0.973         0.000         0.103
 8 3 2 9 7 0         0.933         1.047         1.997         1.034        -0.225
 9 1 4 8 89 88 10 0         0.933         0.971         0.971         0.835         3.768         0.000         0.068
 89 4 1 9 0         0.971         0.973         0.000         0.140
 185 2 2 186 184 0         0.682         0.835         1.535         2.000        -0.320
 265 4 0 0         0.022         0.029         0.131
 2 1 4 16 175 1 3 0         0.836         0.971         0.918         1.074         3.810         0.000         0.136
 175 4 3 2 263 184 0         0.971         0.952         0.955         2.880         0.000         0.194
 182 3 2 181 183 0         0.933         1.047         1.989         1.036        -0.138
 183 3 2 182 184 0         1.047         0.933         1.991         1.036        -0.121
 184 1 5 175 183 263 264 185 0         0.955         0.933         0.971         0.971         0.835         4.665         0.000        -0.011
 3 1 3 4 2 17 0         1.074         1.074         1.076         3.374         0.002         0.028
 4 1 4 3 5 84 85 0         1.074         0.835         0.971         0.971         3.854         0.000        -0.020
 5 2 2 4 6 0         0.835         0.835         1.761         2.000        -0.373
 84 4 1 4 0         0.971         0.973         0.000         0.152
 85 4 1 4 0         0.971         0.973         0.000         0.137
 39 1 4 117 118 119 38 0         0.972         0.971         0.971         1.061         3.975         0.000        -0.322
 115 4 1 38 0         0.971         0.971         0.000         0.087
 117 4 1 39 0         0.972         1.156         0.000         0.165
 118 4 1 39 0         0.971         0.971         0.000         0.123
 119 4 1 39 0         0.971         0.977         0.000         0.210
 10 2 2 9 11 0         0.835         0.838         1.738         2.000        -0.343
 38 1 4 116 26 39 115 0         0.971         1.033         1.061         0.971         4.037         0.000        -0.195
 116 4 1 38 0         0.971         1.109         0.000         0.098
 121 4 1 40 0         0.971         1.109         0.000         0.095
 40 1 4 120 121 30 41 0         0.971         0.971         1.027         1.021         3.993         0.000        -0.205
 90 4 1 12 0         0.971         0.974         0.000         0.150
 120 4 1 40 0         0.971         1.043         0.000         0.224
 124 4 1 42 0         0.971         1.012         0.000         0.232
 202 2 1 189 0         0.838         0.953         2.046        -0.543
 66 2 3 65 188 187 0         0.826         0.981         2.866         5.236         0.006        -0.788
 187 1 2 66 186 0         2.866         0.780         3.700         0.000         0.301
 266 4 0 0         0.317         0.003         0.239
 1 1 4 65 83 174 2 0         0.912         0.971         0.971         0.918         3.792         0.000        -0.253
 17 1 2 94 3 0         0.971         1.076         2.056         0.990        -0.088
 83 4 1 1 0         0.971         0.974         0.000         0.163
 94 4 1 17 0         0.971         0.971         0.000         0.137
 174 4 1 1 0         0.971         0.971         0.000         0.121
 55 1 4 54 56 61 140 0         0.995         1.015         0.994         0.971         3.975         0.000        -0.077
 56 1 4 55 57 141 142 0         1.015         1.005         0.971         0.971         3.963         0.000        -0.229
 57 1 4 56 143 68 71 0         1.005         0.971         1.065         1.012         4.054         0.000        -0.100
 61 1 4 55 60 62 147 0         0.994         1.011         0.995         0.971         3.972         0.000        -0.066
 72 1 4 73 158 159 71 0         1.015         0.972         0.971         1.033         3.992         0.000        -0.248
 141 4 2 56 350 0         0.971         0.830         1.817         0.000         0.133
 142 4 1 56 0         0.971         0.984         0.000         0.106
 147 4 1 61 0         0.971         0.975         0.000         0.102
 148 4 1 62 0         0.971         0.984         0.000         0.090
 158 4 1 72 0         0.972         0.973         0.000         0.117
 171 4 1 81 0         0.971         0.974         0.000         0.098
 68 1 4 69 156 155 57 0         0.937         0.971         0.971         1.065         3.945         0.000        -0.117
 69 3 2 68 70 0         0.937         0.939         1.876         1.074        -0.281
 71 1 4 76 157 57 72 0         1.013         0.971         1.012         1.033         4.030         0.000        -0.054
 76 1 4 71 75 160 161 0         1.013         1.021         0.971         0.971         3.976         0.000        -0.215
 156 4 1 68 0         0.971         0.971         0.000         0.102
 157 4 1 71 0         0.971         0.975         0.000         0.089
 160 4 1 76 0         0.971         0.980         0.000         0.124
 41 1 4 40 42 122 123 0         1.021         0.966         0.971         0.972         4.091         0.000        -0.134
 42 1 5 41 124 125 126 271 0         0.966         0.971         0.971         0.971         0.903         4.782         0.000        -0.347
 70 1 2 82 69 0         0.837         0.939         1.790         1.000         0.213
 82 2 2 70 43 0         0.837         0.380         1.665         2.000        -0.441
 106 4 1 32 0         0.972         1.150         0.000         0.110
 122 4 1 41 0         0.971         1.000         0.000         0.144
 123 4 1 41 0         0.972         1.209         0.000         0.188
 125 4 2 42 271 0         0.971         0.984         1.958         0.000         0.139
 126 4 1 42 0         0.971         1.068         0.000         0.138
 164 4 1 78 0         0.971         1.068         0.000         0.151
 271 4 3 42 125 193 0         0.903         0.984         0.971         2.859         0.000         0.150
 109 4 1 34 0         0.971         0.973         0.000         0.126
 132 4 1 47 0         0.971         0.973         0.000         0.108
 63 1 3 150 64 59 0         0.971         1.076         1.079         3.127         0.013        -0.143
 64 1 4 63 151 152 153 0         1.076         0.971         0.971         0.971         3.990         0.000        -0.325
 128 4 1 44 0         0.971         0.972         0.000         0.094
 151 4 1 64 0         0.971         0.971         0.000         0.093
 152 4 1 64 0         0.971         0.971         0.000         0.117
 153 4 1 64 0         0.971         0.971         0.000         0.122
 54 1 4 58 46 139 55 0         1.014         0.996         0.971         0.995         3.976         0.000        -0.125
 58 1 4 54 59 62 144 0         1.014         1.109         1.006         0.971         4.100         0.000        -0.083
 59 1 3 58 60 63 0         1.109         1.110         1.079         3.298         0.003         0.011
 62 1 4 58 149 61 148 0         1.006         0.971         0.995         0.971         3.944         0.000        -0.205
 144 4 1 58 0         0.971         0.972         0.000         0.076
 149 4 1 62 0         0.971         0.971         0.000         0.103
 140 4 1 55 0         0.971         0.973         0.000         0.080
 143 4 1 57 0         0.971         0.971         0.000         0.115
 159 4 1 72 0         0.971         1.087         0.000         0.104
 161 4 1 76 0         0.971         0.971         0.000         0.150
 167 4 1 79 0         0.971         0.971         0.000         0.107
 163 4 1 78 0         0.971         0.971         0.000         0.123
 262 4 1 181 0         0.971         0.973         0.000         0.134
 139 4 1 54 0         0.971         0.971         0.000         0.098
 179 1 4 180 259 260 178 0         0.835         0.971         0.971         1.075         3.852         0.000        -0.054
 180 2 2 179 181 0         0.835         0.835         1.718         2.000        -0.387
 181 1 4 180 261 262 182 0         0.835         0.971         0.971         0.933         3.711         0.000         0.040
 259 4 1 179 0         0.971         0.975         0.000         0.093
 260 4 1 179 0         0.971         0.973         0.000         0.116
 261 4 1 181 0         0.971         0.973         0.000         0.085
 269 4 1 192 0         0.971         0.971         0.000         0.150
 88 4 1 9 0         0.971         0.973         0.000         0.146
 11 2 2 12 10 0         0.834         0.838         1.742         2.000        -0.296
 92 4 1 13 0         0.871         0.871         0.000         0.262
 22 1 3 21 29 23 0         0.832         0.837         0.831         2.499         0.428         0.532
 23 2 2 22 24 0         0.831         0.835         1.671         2.000        -0.518
 24 1 4 23 99 100 25 0         0.835         0.971         0.971         1.071         3.857         0.000        -0.005
 99 4 1 24 0         0.971         0.973         0.000         0.173
 100 4 1 24 0         0.971         1.157         0.000         0.127
 25 1 4 26 101 24 37 0         1.009         0.971         1.071         1.063         4.115         0.000        -0.080
 26 1 4 25 30 102 38 0         1.009         1.014         0.971         1.033         4.027         0.000        -0.109
 30 1 4 26 31 40 103 0         1.014         1.019         1.027         0.971         4.031         0.000        -0.072
 101 4 1 25 0         0.971         0.971         0.000         0.116
 102 4 1 26 0         0.971         0.986         0.000         0.188
 12 1 4 91 90 11 13 0         0.971         0.971         0.834         0.932         3.746         0.000         0.087
 31 1 4 104 105 30 32 0         0.971         0.971         1.019         1.021         3.987         0.000        -0.206
 91 4 1 12 0         0.971         0.986         0.000         0.126
 104 4 1 31 0         0.971         0.971         0.000         0.128
 105 4 1 31 0         0.971         0.987         0.000         0.119
 13 3 3 12 14 92 0         0.932         0.933         0.871         2.750         1.000        -0.406
 14 1 3 13 15 27 0         0.933         0.832         0.838         2.603         0.291         0.461
 15 2 2 14 18 0         0.832         0.833         1.731         2.000        -0.465
 27 2 1 14 0         0.838         0.998         2.034        -0.549
 18 1 5 19 95 96 252 15 0         1.067         0.971         0.971         0.464         0.833         4.307         0.000         0.001
 19 1 3 18 20 28 0         1.067         1.067         0.837         3.179         0.009         0.184
 95 4 1 18 0         0.971         0.973         0.000         0.116
 96 4 2 18 252 0         0.971         0.896         1.868         0.000         0.359
 252 2 3 18 96 249 0         0.464         0.896         0.870         2.309         1.723        -0.555
 20 1 4 21 97 98 19 0         0.831         0.971         0.971         1.067         3.857         0.000        -0.060
 21 2 2 20 22 0         0.831         0.832         1.752         2.000        -0.511
 29 2 1 22 0         0.837         0.850         2.086        -0.450
 97 4 1 20 0         0.971         0.973         0.000         0.206
 98 4 1 20 0         0.971         0.973         0.000         0.112
 112 4 1 37 0         0.971         0.972         0.000         0.119
 113 4 1 37 0         0.971         0.971         0.000         0.183
 242 2 1 240 0         0.838         0.849         2.086        -0.544
 37 1 4 25 114 112 113 0         1.063         0.971         0.971         0.971         3.977         0.000        -0.303
 103 4 1 30 0         0.971         0.973         0.000         0.131
 114 4 1 37 0         0.971         0.973         0.000         0.127
 155 4 1 68 0         0.971         0.971         0.000         0.150
 329 4 1 241 0         0.837         0.838         0.000         0.277
 32 1 4 31 43 106 33 0         1.021         0.833         0.972         1.032         4.063         0.000         0.108
 43 2 3 32 82 33 0         0.833         0.380         0.831         2.069         1.984        -0.354
 33 1 4 32 43 34 107 0         1.032         0.831         1.014         0.971         3.964         0.000         0.076
 34 1 4 33 35 108 109 0         1.014         1.013         0.971         0.971         3.974         0.000        -0.200
 35 1 4 34 47 110 36 0         1.013         0.971         0.971         0.987         3.945         0.000        -0.106
 47 1 4 35 133 132 36 0         0.971         0.971         0.971         1.034         3.957         0.000        -0.149
 107 4 1 33 0         0.971         1.011         0.000         0.183
 108 4 1 34 0         0.971         0.971         0.000         0.129
 110 4 2 35 339 0         0.971         0.892         1.863         0.000         0.120
 133 4 1 47 0         0.971         0.972         0.000         0.197
 339 4 2 110 253 0         0.892         0.971         1.866         0.000         0.151
 36 1 4 44 111 35 47 0         1.027         0.971         0.987         1.034         4.022         0.000        -0.051
 44 1 4 36 128 45 127 0         1.027         0.971         1.027         0.971         3.996         0.000        -0.225
 111 4 1 36 0         0.971         0.989         0.000         0.152
 138 4 1 53 0         0.971         0.972         0.000         0.114
 45 1 4 46 48 44 129 0         0.924         1.076         1.027         0.971         3.999         0.000        -0.055
 46 1 5 45 131 54 130 191 0         0.924         0.971         0.996         0.971         0.865         4.727         0.000        -0.067
 48 1 4 45 53 49 191 0         1.076         1.076         1.078         0.559         3.789         0.000         0.110
 53 1 3 48 138 52 0         1.076         0.971         1.077         3.124         0.014        -0.211
 127 4 1 44 0         0.971         0.971         0.000         0.116
 131 4 1 46 0         0.971         0.992         0.000         0.144
 268 4 1 191 0         0.835         0.861         0.000         0.332
 346 4 1 256 0         0.971         0.971         0.000         0.129
 135 4 1 50 0         0.971         1.203         0.000         0.112
 176 1 4 177 240 258 349 0         0.981         1.070         0.971         0.971         3.996         0.000        -0.255
 177 1 4 176 191 178 350 0         0.981         0.836         1.074         0.971         3.877         0.000         0.025
 178 1 3 177 179 192 0         1.074         1.075         1.076         3.294         0.003        -0.068
 192 1 2 178 269 0         1.076         0.971         2.056         0.990        -0.112
 240 1 3 176 242 241 0         1.070         0.838         0.837         2.744         0.152         0.393
 258 4 1 176 0         0.971         0.971         0.000         0.145
 349 4 2 176 50 0         0.971         0.846         2.049         0.000         0.154
 350 4 2 177 141 0         0.971         0.830         1.802         0.000         0.095
 241 2 2 329 240 0         0.837         0.837         1.675         2.000        -0.630
 129 4 1 45 0         0.971         0.971         0.000         0.142
 245 1 2 257 244 0         0.837         0.939         1.776         1.000         0.221
 257 2 1 245 0         0.837         0.859         2.081        -0.455
 49 1 4 50 134 191 48 0         1.044         0.971         0.633         1.078         3.726         0.000         0.018
 50 1 4 49 51 135 349 0         1.044         0.981         0.971         0.846         3.843         0.000        -0.169
 130 4 2 191 46 0         0.793         0.971         1.764         0.000         0.256
 134 4 1 49 0         0.971         1.017         0.000         0.195
 191 2 6 49 130 46 48 268 177 0         0.633         0.793         0.865         0.559         0.835         0.836         4.527         0.389        -0.787
# 
# Timestep 400
#
# Number of particles 350
#
# Max number of bonds per atom 5 with coarse bond order cutoff 0.300
# Particle connection table and bond orders
# id type nb id_1...id_nb mol bo_1...bo_nb abo nlp q
 311 4 1 226 0         0.976         0.976         0.000         0.103
 226 1 3 227 225 311 0         1.396         1.427         0.976         3.800         0.000        -0.096
 312 4 1 227 0         0.971         0.971         0.000         0.104
 234 1 3 235 238 233 0         1.126         1.379         1.159         3.687         0.000         0.035
 235 1 4 234 320 321 236 0         1.126         0.970         0.968         0.873         3.938         0.000        -0.209
 238 1 4 234 325 204 239 0         1.379         0.981         0.389         1.043         3.793         0.000         0.001
 320 4 1 235 0         0.970         0.970         0.000         0.152
 325 4 1 238 0         0.981         0.981         0.000         0.129
 321 4 1 235 0         0.968         0.970         0.000         0.146
 239 1 4 328 326 238 327 0         0.975         0.966         1.043         0.960         3.945         0.000        -0.317
 328 4 1 239 0         0.975         0.975         0.000         0.168
 326 4 1 239 0         0.966         0.968         0.000         0.090
 295 4 1 215 0         0.975         0.976         0.000         0.120
 299 4 1 217 0         0.973         0.974         0.000         0.103
 344 4 1 280 0         0.903         0.903         0.000         0.062
 280 4 1 344 0         0.903         0.903         0.000         0.021
 28 2 1 19 0         1.937         2.002         2.000        -0.449
 248 1 4 255 249 256 247 0         0.973         0.648         1.254         1.031         3.919         0.000         0.141
 255 1 4 248 277 345 343 0         0.973         0.962         0.972         0.975         3.887         0.000        -0.326
 277 4 2 255 201 0         0.962         0.961         1.923         0.000         0.181
 249 3 3 248 252 250 0         0.648         1.163         0.930         2.742         1.000        -0.062
 345 4 1 255 0         0.972         0.976         0.000         0.190
 256 1 4 348 347 248 346 0         0.976         0.976         1.254         0.973         4.181         0.000        -0.299
 347 4 1 256 0         0.976         0.978         0.000         0.180
 294 4 1 214 0         0.974         0.977         0.000         0.122
 343 4 1 255 0         0.975         0.979         0.000         0.155
 221 1 4 229 306 305 220 0         1.042         0.975         0.974         0.967         3.958         0.000        -0.218
 229 1 4 221 233 230 314 0         1.042         0.828         1.021         0.964         3.859         0.000        -0.069
 233 1 4 229 234 237 319 0         0.828         1.159         0.939         0.973         3.899         0.000        -0.086
 237 1 4 233 323 324 236 0         0.939         0.974         0.972         1.079         3.965         0.000        -0.191
 306 4 1 221 0         0.975         0.976         0.000         0.136
 317 4 1 231 0         0.982         0.987         0.000         0.145
 323 4 1 237 0         0.974         0.977         0.000         0.167
 324 4 1 237 0         0.972         0.973         0.000         0.134
 230 1 4 229 231 315 236 0         1.021         1.010         0.976         0.906         3.914         0.000        -0.091
 236 1 4 237 230 322 235 0         1.079         0.906         0.978         0.873         3.836         0.000        -0.073
 219 1 4 303 302 220 211 0         0.973         0.971         1.007         1.054         4.004         0.000        -0.189
 329 4 1 241 0         0.902         0.902         0.000         0.295
 319 4 1 233 0         0.973         0.974         0.000         0.089
 303 4 1 219 0         0.973         0.974         0.000         0.116
 327 4 1 239 0         0.960         0.963         0.000         0.196
 209 1 4 210 283 284 208 0         1.097         0.973         0.975         1.062         4.109         0.000        -0.243
 210 1 4 209 222 285 211 0         1.097         0.884         0.972         0.991         3.943         0.000        -0.096
 283 4 1 209 0         0.973         0.974         0.000         0.089
 284 4 1 209 0         0.975         0.976         0.000         0.163
 342 4 1 254 0         0.968         0.974         0.000         0.103
 208 1 4 209 282 218 207 0         1.062         0.976         0.946         0.925         3.908         0.000         0.054
 253 1 4 338 339 337 250 0         0.974         0.967         0.974         0.873         3.813         0.000        -0.322
 254 1 4 342 340 206 250 0         0.968         0.973         0.922         1.133         3.996         0.000        -0.234
 340 4 1 254 0         0.973         0.975         0.000         0.106
 282 4 1 208 0         0.976         0.981         0.000         0.083
 337 4 1 253 0         0.974         0.974         0.000         0.106
 206 1 4 205 279 254 207 0         0.991         0.977         0.922         1.050         3.945         0.000        -0.129
 334 4 1 247 0         0.964         0.967         0.000         0.142
 335 4 1 251 0         0.973         0.974         0.000         0.150
 250 1 4 249 251 253 254 0         0.930         1.071         0.873         1.133         4.056         0.000         0.148
 251 1 4 335 250 336 246 0         0.973         1.071         0.971         0.761         3.776         0.000        -0.220
 336 4 1 251 0         0.971         0.971         0.000         0.132
 332 4 1 246 0         0.967         1.017         0.000         0.124
 333 4 1 247 0         0.967         0.968         0.000         0.116
 137 4 1 246 0         0.938         0.952         0.000         0.094
 316 4 1 231 0         0.970         0.977         0.000         0.092
 231 1 4 316 232 317 230 0         0.970         1.011         0.982         1.010         3.974         0.000        -0.227
 232 1 5 231 246 318 52 243 0         1.011         0.546         0.979         0.441         1.183         4.160         0.000        -0.090
 322 4 1 236 0         0.978         0.987         0.000         0.103
 246 1 5 137 232 247 251 332 0         0.938         0.546         0.821         0.761         0.967         4.034         0.000        -0.122
 315 4 1 230 0         0.976         0.984         0.000         0.161
 318 4 1 232 0         0.979         0.979         0.000         0.100
 247 1 4 333 246 248 334 0         0.967         0.821         1.031         0.964         3.785         0.000        -0.239
 305 4 1 221 0         0.974         0.982         0.000         0.101
 136 4 1 51 0         0.979         0.984         0.000         0.113
 302 4 1 219 0         0.971         0.971         0.000         0.129
 223 1 3 228 220 224 0         1.362         1.232         1.348         3.942         0.000         0.012
 227 1 3 228 226 312 0         1.480         1.396         0.971         3.846         0.000        -0.098
 228 1 3 223 227 313 0         1.362         1.480         0.977         3.819         0.000        -0.098
 313 4 1 228 0         0.977         0.977         0.000         0.122
 220 1 4 223 304 219 221 0         1.232         0.977         1.007         0.967         4.183         0.000        -0.076
 285 4 1 210 0         0.972         0.972         0.000         0.106
 211 1 4 210 222 286 219 0         0.991         1.158         0.973         1.054         4.177         0.000        -0.092
 244 3 3 245 331 243 0         1.444         0.801         0.489         2.738         1.000        -0.471
 331 4 1 244 0         0.801         0.804         0.000         0.185
 51 1 3 50 52 136 0         1.350         1.158         0.979         3.493         0.001        -0.109
 52 1 4 51 53 243 232 0         1.158         1.120         1.242         0.441         3.961         0.000         0.054
 243 1 4 52 330 232 244 0         1.242         0.981         1.183         0.489         3.895         0.000        -0.071
 330 4 1 243 0         0.981         0.981         0.000         0.106
 310 4 1 225 0         0.972         0.972         0.000         0.083
 263 4 1 184 0         0.979         1.035         0.000         0.094
 264 4 1 184 0         0.963         0.974         0.000         0.124
 175 4 1 184 0         0.967         1.014         0.000         0.159
 93 4 1 16 0         0.887         0.904         0.000         0.338
 204 2 2 238 197 0         0.389         1.073         1.494         2.001        -0.568
 195 1 3 273 194 196 0         0.978         1.621         1.074         3.712         0.000         0.032
 270 4 1 193 0         0.980         0.991         0.000         0.093
 272 4 0 0         0.007         0.032         0.034
 273 4 1 195 0         0.978         0.981         0.000         0.104
 194 1 3 195 193 203 0         1.621         1.124         1.779         4.524         0.000         0.280
 193 1 4 270 194 190 271 0         0.980         1.124         0.706         0.955         3.796         0.000        -0.070
 189 1 3 190 188 202 0         1.364         1.044         1.673         4.093         0.000         0.586
 190 2 2 189 193 0         1.364         0.706         2.124         1.949        -0.490
 301 4 1 217 0         0.974         0.974         0.000         0.173
 188 3 3 189 267 66 0         1.044         0.923         0.582         2.635         1.000        -0.293
 267 4 1 188 0         0.923         0.932         0.000         0.269
 65 1 4 67 66 187 1 0         1.485         0.827         1.088         0.885         4.292         0.000         0.405
 67 2 1 65 0         1.485         1.553         2.000        -0.539
 300 4 1 217 0         0.973         0.974         0.000         0.184
 298 4 1 216 0         0.974         0.986         0.000         0.167
 215 1 4 216 295 296 205 0         1.074         0.975         0.975         1.082         4.107         0.000        -0.194
 216 1 4 298 215 217 297 0         0.974         1.074         0.961         0.972         3.984         0.000        -0.143
 217 1 4 300 216 301 299 0         0.973         0.961         0.974         0.973         3.882         0.000        -0.292
 297 4 1 216 0         0.972         0.973         0.000         0.235
 16 2 2 93 2 0         0.887         1.039         1.932         2.000        -0.691
 296 4 1 215 0         0.975         0.988         0.000         0.160
 201 1 4 205 213 277 200 0         0.912         1.074         0.961         0.981         3.929         0.000        -0.112
 205 1 4 201 215 278 206 0         0.912         1.082         0.969         0.991         3.955         0.000        -0.090
 213 1 4 201 291 214 290 0         1.074         0.974         0.938         0.971         3.958         0.000        -0.184
 291 4 1 213 0         0.974         0.986         0.000         0.147
 214 1 4 292 293 294 213 0         0.975         0.973         0.974         0.938         3.859         0.000        -0.336
 275 4 1 199 0         0.976         0.981         0.000         0.138
 292 4 1 214 0         0.975         0.977         0.000         0.154
 293 4 1 214 0         0.973         0.974         0.000         0.151
 274 4 1 199 0         0.955         0.958         0.000         0.109
 290 4 1 213 0         0.971         0.972         0.000         0.150
 80 1 4 168 170 73 169 0         0.971         0.977         1.099         0.977         4.024         0.000        -0.337
 81 1 4 172 73 173 171 0         0.973         1.016         0.956         0.972         3.930         0.000        -0.302
 168 4 1 80 0         0.971         0.972         0.000         0.129
 170 4 1 80 0         0.977         0.984         0.000         0.187
 172 4 1 81 0         0.973         0.976         0.000         0.196
 314 4 1 229 0         0.964         0.980         0.000         0.199
 196 2 2 195 197 0         1.074         0.724         1.834         2.000        -0.532
 197 1 3 196 204 198 0         0.724         1.073         0.926         2.724         0.169         0.544
 198 2 2 197 199 0         0.926         0.854         1.802         2.000        -0.630
 73 1 4 80 81 74 72 0         1.099         1.016         0.519         1.256         3.896         0.000         0.132
 77 2 1 74 0         1.408         1.448         2.001        -0.377
 74 3 3 77 73 75 0         1.408         0.519         0.789         2.716         1.000        -0.041
 173 4 1 81 0         0.956         0.965         0.000         0.208
 308 4 1 222 0         0.965         0.970         0.000         0.162
 162 4 1 78 0         0.972         0.977         0.000         0.148
 222 1 4 308 307 210 211 0         0.965         0.973         0.884         1.158         3.988         0.000        -0.148
 307 4 1 222 0         0.973         0.975         0.000         0.222
 203 2 1 194 0         1.779         1.848         2.000        -0.448
 218 2 2 207 208 0         1.002         0.946         1.957         2.000        -0.458
 207 1 4 218 281 208 206 0         1.002         0.969         0.925         1.050         3.947         0.000         0.064
 281 4 1 207 0         0.969         0.981         0.000         0.100
 150 4 1 63 0         0.974         0.974         0.000         0.092
 278 4 1 205 0         0.969         0.970         0.000         0.134
 289 4 1 212 0         0.972         0.973         0.000         0.120
 279 4 1 206 0         0.977         0.977         0.000         0.109
 288 4 1 212 0         0.971         0.972         0.000         0.128
 145 4 1 60 0         0.972         0.972         0.000         0.149
 146 4 1 60 0         0.972         0.972         0.000         0.097
 199 1 4 275 274 200 198 0         0.976         0.955         1.124         0.854         3.913         0.000         0.011
 200 1 4 199 201 212 276 0         1.124         0.981         1.066         0.971         4.144         0.000        -0.105
 212 1 4 288 200 287 289 0         0.971         1.066         0.970         0.972         3.980         0.000        -0.298
 276 4 1 200 0         0.971         0.974         0.000         0.092
 287 4 1 212 0         0.970         0.970         0.000         0.138
 169 4 1 80 0         0.977         0.980         0.000         0.109
 224 1 3 225 309 223 0         1.500         0.975         1.348         3.822         0.000        -0.127
 225 1 3 224 310 226 0         1.500         0.972         1.427         3.899         0.000        -0.106
 309 4 1 224 0         0.975         0.975         0.000         0.078
 79 1 4 165 166 167 75 0         0.973         0.974         0.974         1.008         3.929         0.000        -0.348
 165 4 1 79 0         0.973         0.974         0.000         0.130
 166 4 1 79 0         0.974         0.975         0.000         0.115
 286 4 1 211 0         0.973         0.973         0.000         0.114
 304 4 1 220 0         0.977         0.982         0.000         0.133
 341 4 0 0         0.000         0.033         0.011
 6 1 4 5 7 86 87 0         1.048         0.725         0.972         0.972         3.719         0.000         0.067
 7 3 2 6 8 0         0.725         2.138         2.872         1.000        -0.082
 86 4 1 6 0         0.972         0.976         0.000         0.108
 87 4 1 6 0         0.972         0.977         0.000         0.094
 8 3 2 9 7 0         0.644         2.138         2.794         1.000        -0.215
 9 1 4 8 89 88 10 0         0.644         0.969         0.969         1.480         4.069         0.000         0.131
 89 4 1 9 0         0.969         0.973         0.000         0.138
 185 2 2 186 184 0         0.809         0.736         1.720         2.000        -0.220
 186 2 2 185 187 0         0.809         0.983         1.802         2.000        -0.350
 183 3 2 184 182 0         0.586         2.205         2.800         1.000        -0.104
 184 1 5 183 263 264 175 185 0         0.586         0.979         0.963         0.967         0.736         4.234         0.000        -0.028
 182 3 2 183 181 0         2.205         0.786         3.002         1.000        -0.144
 3 1 3 4 17 2 0         1.010         1.936         1.478         4.424         0.000        -0.010
 4 1 4 3 5 84 85 0         1.010         0.891         0.975         0.973         3.849         0.000         0.005
 5 2 2 4 6 0         0.891         1.048         1.960         2.000        -0.391
 84 4 1 4 0         0.975         0.979         0.000         0.149
 85 4 1 4 0         0.973         0.977         0.000         0.129
 39 1 4 117 118 119 38 0         0.974         0.973         0.975         1.058         3.980         0.000        -0.333
 115 4 1 38 0         0.973         0.973         0.000         0.081
 117 4 1 39 0         0.974         0.980         0.000         0.168
 118 4 1 39 0         0.973         0.974         0.000         0.110
 119 4 1 39 0         0.975         0.977         0.000         0.204
 10 2 2 9 11 0         1.480         0.319         1.837         2.000        -0.390
 38 1 4 116 26 39 115 0         0.975         1.008         1.058         0.973         4.013         0.000        -0.190
 116 4 1 38 0         0.975         0.996         0.000         0.091
 121 4 1 40 0         0.975         0.995         0.000         0.113
 271 4 1 193 0         0.955         0.956         0.000         0.097
 40 1 4 120 121 30 41 0         0.977         0.975         0.904         1.087         3.947         0.000        -0.206
 202 2 1 189 0         1.673         1.709         2.000        -0.520
 120 4 1 40 0         0.977         0.988         0.000         0.212
 66 2 3 188 65 187 0         0.582         0.827         1.041         2.476         1.463        -0.482
 187 1 3 66 65 186 0         1.041         1.088         0.983         3.344         0.002         0.346
 1 1 4 65 83 174 2 0         0.885         0.974         0.975         1.139         3.981         0.000        -0.296
 17 1 2 94 3 0         0.977         1.936         2.923         0.055        -0.090
 83 4 1 1 0         0.974         0.975         0.000         0.142
 94 4 1 17 0         0.977         0.977         0.000         0.138
 174 4 1 1 0         0.975         0.975         0.000         0.134
 2 1 3 1 16 3 0         1.139         1.039         1.478         3.659         0.000         0.214
 158 4 1 72 0         0.974         0.989         0.000         0.119
 56 1 4 55 57 142 141 0         0.932         1.049         0.973         0.973         3.927         0.000        -0.219
 57 1 4 56 143 68 71 0         1.049         0.973         0.898         1.040         3.960         0.000        -0.109
 61 1 4 62 60 55 147 0         1.118         1.042         1.083         0.972         4.215         0.000        -0.045
 72 1 4 158 73 159 71 0         0.974         1.256         0.974         1.023         4.227         0.000        -0.246
 171 4 1 81 0         0.972         0.987         0.000         0.071
 142 4 1 56 0         0.973         0.978         0.000         0.091
 147 4 1 61 0         0.972         0.986         0.000         0.105
 148 4 1 62 0         0.972         0.974         0.000         0.090
 68 1 4 69 156 155 57 0         0.989         0.972         0.972         0.898         3.831         0.000        -0.110
 69 3 2 68 70 0         0.989         1.796         2.794         1.000        -0.355
 71 1 4 76 157 57 72 0         0.874         0.972         1.040         1.023         3.909         0.000        -0.048
 76 1 4 71 160 161 75 0         0.874         0.976         0.975         1.063         3.888         0.000        -0.226
 156 4 1 68 0         0.972         0.973         0.000         0.094
 157 4 1 71 0         0.972         0.972         0.000         0.096
 160 4 1 76 0         0.976         0.978         0.000         0.137
 41 1 4 40 42 122 123 0         1.087         1.117         0.970         0.968         4.146         0.000        -0.146
 42 1 4 41 125 126 124 0         1.117         0.963         0.976         0.979         4.035         0.000        -0.309
 70 1 2 82 69 0         1.545         1.796         3.342         0.002         0.372
 82 2 1 70 0         1.545         1.591         2.000        -0.511
 106 4 1 32 0         0.973         0.979         0.000         0.103
 122 4 1 41 0         0.970         0.989         0.000         0.146
 123 4 1 41 0         0.968         0.986         0.000         0.177
 125 4 1 42 0         0.963         0.964         0.000         0.189
 126 4 1 42 0         0.976         0.979         0.000         0.126
 164 4 1 78 0         0.978         0.981         0.000         0.142
 78 1 4 164 162 163 75 0         0.978         0.972         0.973         1.030         3.953         0.000        -0.332
 124 4 1 42 0         0.979         0.981         0.000         0.218
 109 4 1 34 0         0.973         0.973         0.000         0.122
 63 1 3 150 64 59 0         0.974         1.092         1.489         3.554         0.000        -0.140
 64 1 4 63 151 152 153 0         1.092         0.972         0.973         0.972         4.008         0.000        -0.323
 128 4 1 44 0         0.975         0.976         0.000         0.100
 151 4 1 64 0         0.972         0.972         0.000         0.089
 152 4 1 64 0         0.973         0.974         0.000         0.111
 153 4 1 64 0         0.972         0.973         0.000         0.122
 132 4 1 47 0         0.974         0.974         0.000         0.114
 54 1 4 58 46 139 55 0         0.944         1.098         0.972         0.917         3.930         0.000        -0.090
 58 1 4 54 59 62 144 0         0.944         1.122         0.864         0.972         3.901         0.000        -0.081
 59 1 3 58 60 63 0         1.122         0.995         1.489         3.605         0.000         0.004
 62 1 4 58 149 61 148 0         0.864         0.971         1.118         0.972         3.925         0.000        -0.223
 144 4 1 58 0         0.972         0.973         0.000         0.075
 149 4 1 62 0         0.971         0.971         0.000         0.103
 46 1 4 54 45 131 130 0         1.098         1.017         0.974         0.973         4.064         0.000        -0.203
 60 1 4 59 145 146 61 0         0.995         0.972         0.972         1.042         3.981         0.000        -0.226
 139 4 1 54 0         0.972         0.972         0.000         0.101
 55 1 4 54 56 61 140 0         0.917         0.932         1.083         0.971         3.902         0.000        -0.088
 140 4 1 55 0         0.971         0.985         0.000         0.084
 143 4 1 57 0         0.973         0.973         0.000         0.112
 159 4 1 72 0         0.974         0.974         0.000         0.114
 161 4 1 76 0         0.975         0.975         0.000         0.152
 167 4 1 79 0         0.974         0.974         0.000         0.119
 75 1 4 79 74 76 78 0         1.008         0.789         1.063         1.030         3.909         0.000         0.119
 163 4 1 78 0         0.973         0.974         0.000         0.131
 262 4 1 181 0         0.973         0.976         0.000         0.127
 261 4 1 181 0         0.974         0.977         0.000         0.073
 179 1 4 180 259 260 178 0         0.872         0.975         0.973         0.958         3.778         0.000        -0.024
 180 2 2 179 181 0         0.872         1.085         1.989         2.000        -0.401
 181 1 4 261 180 262 182 0         0.974         1.085         0.973         0.786         3.819         0.000         0.070
 259 4 1 179 0         0.975         0.979         0.000         0.090
 260 4 1 179 0         0.973         0.980         0.000         0.103
 269 4 1 192 0         0.968         0.968         0.000         0.151
 88 4 1 9 0         0.969         0.973         0.000         0.132
 11 2 2 12 10 0         1.504         0.319         1.840         2.000        -0.338
 92 4 1 13 0         0.912         0.912         0.000         0.287
 22 1 3 21 23 29 0         1.135         1.031         1.963         4.130         0.000         0.707
 23 2 2 22 24 0         1.031         0.980         2.028         1.997        -0.597
 24 1 4 23 99 100 25 0         0.980         0.971         0.973         1.081         4.010         0.000         0.042
 99 4 1 24 0         0.971         0.974         0.000         0.168
 100 4 1 24 0         0.973         0.984         0.000         0.123
 29 2 1 22 0         1.963         2.010         2.000        -0.520
 25 1 4 26 101 24 37 0         1.008         0.972         1.081         1.042         4.106         0.000        -0.094
 26 1 4 25 30 102 38 0         1.008         0.961         0.971         1.008         3.948         0.000        -0.114
 30 1 4 26 31 40 103 0         0.961         1.122         0.904         0.971         3.958         0.000        -0.083
 101 4 1 25 0         0.972         0.972         0.000         0.117
 102 4 1 26 0         0.971         0.991         0.000         0.195
 12 1 4 91 90 11 13 0         0.975         0.975         1.504         0.607         4.067         0.000         0.136
 31 1 4 104 105 30 32 0         0.973         0.974         1.122         1.155         4.226         0.000        -0.212
 91 4 1 12 0         0.975         0.989         0.000         0.115
 104 4 1 31 0         0.973         0.974         0.000         0.133
 105 4 1 31 0         0.974         0.985         0.000         0.114
 90 4 1 12 0         0.975         0.979         0.000         0.147
 13 3 3 12 14 92 0         0.607         1.262         0.912         2.868         1.000        -0.454
 14 1 3 13 15 27 0         1.262         0.973         1.903         4.138         0.000         0.598
 15 2 2 14 18 0         0.973         0.935         1.946         2.000        -0.525
 27 2 1 14 0         1.903         1.985         2.000        -0.631
 266 4 0 0         0.000         0.033         0.104
 18 1 4 19 95 96 15 0         1.100         0.974         0.982         0.935         4.027         0.000        -0.004
 19 1 3 18 20 28 0         1.100         1.045         1.937         4.084         0.000         0.235
 95 4 1 18 0         0.974         0.982         0.000         0.124
 96 4 1 18 0         0.982         1.005         0.000         0.228
 252 2 1 249 0         1.163         1.271         2.004        -0.462
 20 1 4 21 97 98 19 0         0.815         0.975         0.974         1.045         3.842         0.000        -0.037
 21 2 2 20 22 0         0.815         1.135         1.992         2.000        -0.558
 348 4 1 256 0         0.976         0.990         0.000         0.237
 97 4 1 20 0         0.975         0.981         0.000         0.188
 98 4 1 20 0         0.974         0.980         0.000         0.083
 112 4 1 37 0         0.974         0.974         0.000         0.109
 113 4 1 37 0         0.974         0.975         0.000         0.156
 242 2 1 240 0         1.872         2.000         2.000        -0.616
 141 4 1 56 0         0.973         0.979         0.000         0.166
 268 4 0 0         0.120         0.014         0.152
 37 1 4 25 114 112 113 0         1.042         0.974         0.974         0.974         3.964         0.000        -0.312
 103 4 1 30 0         0.971         0.971         0.000         0.129
 114 4 1 37 0         0.974         0.974         0.000         0.134
 155 4 1 68 0         0.972         0.973         0.000         0.153
 32 1 4 31 43 106 33 0         1.155         0.965         0.973         0.845         3.943         0.000         0.108
 43 2 2 32 33 0         0.965         1.065         2.041         1.994        -0.404
 33 1 4 32 43 34 107 0         0.845         1.065         1.047         0.979         3.941         0.000         0.070
 34 1 4 33 35 108 109 0         1.047         0.981         0.972         0.973         3.980         0.000        -0.224
 35 1 4 34 47 110 36 0         0.981         1.139         0.969         1.115         4.204         0.000        -0.048
 47 1 4 35 133 36 132 0         1.139         0.974         0.856         0.974         3.947         0.000        -0.195
 107 4 1 33 0         0.979         1.003         0.000         0.176
 108 4 1 34 0         0.972         0.972         0.000         0.128
 110 4 1 35 0         0.969         0.974         0.000         0.143
 338 4 1 253 0         0.974         0.979         0.000         0.129
 339 4 1 253 0         0.967         0.975         0.000         0.181
 36 1 4 44 111 35 47 0         1.080         0.969         1.115         0.856         4.020         0.000        -0.054
 44 1 4 36 128 45 127 0         1.080         0.975         0.948         0.974         3.977         0.000        -0.213
 111 4 1 36 0         0.969         0.970         0.000         0.150
 45 1 4 48 46 44 129 0         0.923         1.017         0.948         0.969         3.857         0.000        -0.085
 346 4 1 256 0         0.973         0.977         0.000         0.108
 48 1 3 45 53 49 0         0.923         1.571         1.288         3.808         0.000         0.064
 53 1 3 48 138 52 0         1.571         0.973         1.120         3.664         0.000        -0.130
 127 4 1 44 0         0.974         0.975         0.000         0.113
 131 4 1 46 0         0.974         0.974         0.000         0.150
 138 4 1 53 0         0.973         1.015         0.000         0.096
 350 4 1 177 0         0.980         0.982         0.000         0.106
 176 1 4 177 240 349 258 0         1.060         1.039         0.979         0.973         4.062         0.000        -0.237
 177 1 4 350 176 178 191 0         0.980         1.060         0.684         1.232         3.957         0.000         0.078
 178 1 3 177 179 192 0         0.684         0.958         2.176         3.852         0.000        -0.014
 192 1 2 178 269 0         2.176         0.968         3.148         0.011        -0.122
 240 1 3 176 242 241 0         1.039         1.872         1.052         3.970         0.000         0.545
 349 4 1 176 0         0.979         0.982         0.000         0.164
 191 2 2 177 49 0         1.232         0.308         1.648         2.000        -0.439
 241 2 2 240 329 0         1.052         0.902         1.967         2.000        -0.732
 258 4 1 176 0         0.973         0.978         0.000         0.165
 133 4 1 47 0         0.974         0.977         0.000         0.208
 129 4 1 45 0         0.969         0.969         0.000         0.149
 245 1 2 257 244 0         1.789         1.444         3.236         0.006         0.378
 257 2 1 245 0         1.789         1.803         2.000        -0.552
 49 1 4 50 134 48 191 0         1.180         0.979         1.288         0.308         3.756         0.000        -0.026
 50 1 3 49 135 51 0         1.180         0.974         1.350         3.529         0.000        -0.073
 130 4 1 46 0         0.973         0.994         0.000         0.174
 134 4 1 49 0         0.979         0.979         0.000         0.143
 135 4 1 50 0         0.974         0.974         0.000         0.116
# 
