0 2 2 1 4
9999
0 1 4 4 4 4 888
9999
0 1 2 1 4
9999
0 2 2 1 1
9999
0 2 2 2 888
1 2 2 2 888
9999
0 1 3 2 2 888
1 2 2 1 3 
1 2 1 1
9999
0 1 3 2 2 888
1 2 1 1
1 2 2 1 6666 1 3
9999
0 1 3 2 3 888
1 2 1 1
1 3 662
9999
0 1 2 2 3
1 2 1 1
1 3 2 1 888
9999
0 1 3 2 2 3
1 2 1 1
1 2 2 1 888
1 4 4 1 888
9999
0 1 3 2 1 1
1 2 1 1 
1 1 664
1 1 664         
9999
0 1 4 4 4 4 1
1 1 4 1 4 4 888
9999
0 1 4 4 4 4 1
1 1 4 4 4 1 1  
2 1 4 4 4 1 888
9999
0 1 4 1 1 1 888
1 1 4 4 4 4 1 
1 1 4 4 4 4 1
1 1 4 4 4 4 1
9999
0 2 2 1 1
1 1 4 2 4 1 888 4441
1 1 4 2 4 1 888 4441
9999
0 1 4 4 4 1 1
1 1 4 4 1 1 888 4441
1 1 4 4 1 1 888 4441
9999
0 1 3 4 1 1
1 1 3 4 1 1
1 1 3 4 1 1
2 1 3 4 1 1 5551
3 1 3 4 1 1 5551
4 1 3 1 1 6666 1 2 
9999
0 1 3 4 1 1
1 1 3 4 1 1
1 1 661 888
2 1 661 888
9999
0 1 4 4 4 1 1
1 1 4 4 1 1 1
1 1 4 4 1 1 1
2 1 4 4 4 1 1 4441
2 1 4 4 1 1 888 4442
3 1 4 4 4 1 1 4441
3 1 4 4 1 1 888 4442
9999
0 3 3 2 1 1
1 2 1 888
1 1 4 3 1 1 1
1 1 4 3 1 1 1
3 1 4 4 4 4 1
3 1 4 4 4 4 1
3 1 4 4 4 1 1 5554
4 1 4 4 4 4 1
4 1 4 4 4 4 1
4 1 4 4 4 1 1 5554
9999